  -7.5000000000000000        0.0000000000000000        0.0000000000000000      -0.30308625000000000        1.0416287500000000E-002 -0.10075487499999999        20.000000000000000        0.0000000000000000        0.0000000000000000     
  -7.2891265186451859        1.0661483206220178E-005   1.1033029991835972E-006 -0.36124499999999998        1.4666874999999999E-002 -0.10690987500000000        19.999999896657851        2.0223362630986670E-003   2.0938498036038306E-004
  -7.2891265186451859        1.0661483206220178E-005   1.1033029991835972E-006 -0.36124499999999998        1.4666874999999999E-002 -0.10690987500000000        19.999999896657851        2.0223362630986670E-003   2.0938498036038306E-004
  -7.0803935731135352        4.0251486382314461E-005   4.4561684116040112E-006 -0.43458374999999999        1.9965079999999996E-002 -0.11068100000000000        19.999999662600210        3.6480574161655843E-003   4.3320715850470037E-004
  -7.0803935731135352        4.0251486382314461E-005   4.4561684116040112E-006 -0.43458374999999999        1.9965079999999996E-002 -0.11068100000000000        19.999999662600210        3.6480574161655843E-003   4.3320715850470037E-004
  -6.8738041288076044        8.5395857766734653E-005   1.0283158200730115E-005 -0.52869625000000009        2.6927756250000000E-002 -0.11136062500000000        19.999999339501876        5.0928163418560999E-003   6.9508716336930132E-004
  -6.8738041288076044        8.5395857766734653E-005   1.0283158200730115E-005 -0.52869625000000009        2.6927756250000000E-002 -0.11136062500000000        19.999999339501876        5.0928163418560999E-003   6.9508716336930132E-004
  -6.6691608315764661        1.4365918691366944E-004   1.8891496829986924E-005 -0.65032999999999996        3.5962738750000001E-002 -0.10268600000000000        19.999998984803479        6.2954394738207204E-003   9.8757358099454983E-004
  -6.6691608315764661        1.4365918691366944E-004   1.8891496829986924E-005 -0.65032999999999996        3.5962738750000001E-002 -0.10268600000000000        19.999998984803479        6.2954394738207204E-003   9.8757358099454983E-004
  -6.4663792132346192        2.1178070616939548E-004   3.0417032178209347E-005 -0.80764749999999996        4.8038949999999997E-002  -7.3079249999999998E-002   19.999998683467851        7.1419614581664792E-003   1.2859513206069373E-003
  -6.4663792132346192        2.1178070616939548E-004   3.0417032178209347E-005 -0.80764749999999996        4.8038949999999997E-002  -7.3079249999999998E-002   19.999998683467851        7.1419614581664792E-003   1.2859513206069373E-003
  -6.2652070032762071        2.8556013838443306E-004   4.4636757301153018E-005  -1.0065787500000001        6.5021782749999993E-002  -1.4039875000000000E-002   19.999998523854636        7.5279338257669970E-003   1.5414358593497379E-003
  -6.2652070032762071        2.8556013838443306E-004   4.4636757301153018E-005  -1.0065787500000001        6.5021782749999993E-002  -1.4039875000000000E-002   19.999998523854636        7.5279338257669970E-003   1.5414358593497379E-003
  -6.0647660913313217        3.6123021141915007E-004   6.1138226254489600E-005  -1.2480499999999999        8.8060732749999995E-002   8.7153124999999998E-002   19.999998489621181        7.5727835406453874E-003   1.7515992038523716E-003
  -6.0647660913313217        3.6123021141915007E-004   6.1138226254489600E-005  -1.2480499999999999        8.8060732749999995E-002   8.7153124999999998E-002   19.999998489621181        7.5727835406453874E-003   1.7515992038523716E-003
  -5.8637764125692087        4.3522274484142365E-004   8.0881235705154708E-005  -1.5314875000000003       0.11683611250000001       0.25066025000000003        19.999998602382796        7.1528325000813631E-003   2.1775383596067677E-003
  -5.8637764125692087        4.3522274484142365E-004   8.0881235705154708E-005  -1.5314875000000003       0.11683611250000001       0.25066025000000003        19.999998602382796        7.1528325000813631E-003   2.1775383596067677E-003
  -5.6605325714364803        4.9675471919219372E-004   1.0822785571462651E-004  -1.8472749999999998       0.14773130749999999       0.47828249999999994        19.999999129015542        4.9570327313248593E-003   3.2042477811486934E-003
  -5.6605325714364803        4.9675471919219372E-004   1.0822785571462651E-004  -1.8472749999999998       0.14773130749999999       0.47828249999999994        19.999999129015542        4.9570327313248593E-003   3.2042477811486934E-003
  -5.4533068089673868        5.1527093299325033E-004   1.5158359579636738E-004  -2.1857625000000001       0.18028608624999998       0.77123874999999997        19.999999285681334       -1.3833180430868897E-003   5.1632525841815990E-003
  -5.4533068089673868        5.1527093299325033E-004   1.5158359579636738E-004  -2.1857625000000001       0.18028608624999998       0.77123874999999997        19.999999285681334       -1.3833180430868897E-003   5.1632525841815990E-003
  -5.2405631230215626        4.2694587818292717E-004   2.2363568662187028E-004  -2.5412625000000002       0.21217065375000002        1.1291300000000000        19.999992449931003       -1.5224577426559138E-002   8.3794358429711835E-003
  -5.2405631230215626        4.2694587818292717E-004   2.2363568662187028E-004  -2.5412625000000002       0.21217065375000002        1.1291300000000000        19.999992449931003       -1.5224577426559138E-002   8.3794358429711835E-003
  -5.0210470212889957        1.1932751995974436E-004   3.4160589106280176E-004  -2.9080750000000002       0.23759828000000000        1.5370374999999998        19.999954026321948       -4.0831517173320460E-002   1.3104663823622967E-002
  -5.0210470212889957        1.1932751995974436E-004   3.4160589106280176E-004  -2.9080750000000002       0.23759828000000000        1.5370374999999998        19.999954026321948       -4.0831517173320460E-002   1.3104663823622967E-002
  -4.7942003452884769       -5.8111723055653819E-004   5.2564847466718412E-004  -3.2824874999999998      -0.25204270750000002        1.9795875000000001        19.999819761165909       -8.2681689156262062E-002   1.9319916045638763E-002
  -4.7942003452884769       -5.8111723055653819E-004   5.2564847466718412E-004  -3.2824874999999998      -0.25204270750000002        1.9795875000000001        19.999819761165909       -8.2681689156262062E-002   1.9319916045638763E-002
  -4.5599318904980901       -1.9147639707615129E-003   7.0239964550333777E-004  -3.6711999999999998      -0.25871614999999998        2.4461749999999998        19.999471307690651      -0.14501951631739043        1.0805218456239276E-002
  -4.5599318904980901       -1.9147639707615129E-003   7.0239964550333777E-004  -3.6711999999999998      -0.25871614999999998        2.4461749999999998        19.999471307690651      -0.14501951631739043        1.0805218456239276E-002
  -4.3189824978870899       -4.1792108454412344E-003   7.7116896431439496E-004  -4.0617125000000005      -0.25314281250000004        2.9012874999999996        19.998667393745791      -0.23087270391171724        5.1857296521262708E-004
  -4.3189824978870899       -4.1792108454412344E-003   7.7116896431439496E-004  -4.0617125000000005      -0.25314281250000004        2.9012874999999996        19.998667393745791      -0.23087270391171724        5.1857296521262708E-004
  -4.0727114426781386       -7.7039775523342346E-003   7.0528932951452461E-004  -4.8801499999999995      -0.20106489999999996        3.7373124999999998        19.997080097531530      -0.34155308256656625       -1.1360664516745445E-002
  -4.0727114426781386       -7.7039775523342346E-003   7.0528932951452461E-004  -4.8801499999999995      -0.20106489999999996        3.7373124999999998        19.997080097531530      -0.34155308256656625       -1.1360664516745445E-002
  -3.8206151361474725       -1.2891935580316318E-002   4.9219601136529800E-004  -5.2880250000000002      -0.16729887500000001        4.0640250000000000        19.994192171578366      -0.48142090684849187       -2.2656487903949699E-002
  -3.8206151361474725       -1.2891935580316318E-002   4.9219601136529800E-004  -5.2880250000000002      -0.16729887500000001        4.0640250000000000        19.994192171578366      -0.48142090684849187       -2.2656487903949699E-002
  -3.5683513516032841       -2.0056845619236988E-002   1.2303949453329468E-004  -5.6655124999999993      -0.12955878749999999        4.2963874999999998        19.989265546542089      -0.65418193747499975       -3.6178757679623537E-002
  -3.5683513516032841       -2.0056845619236988E-002   1.2303949453329468E-004  -5.6655124999999993      -0.12955878749999999        4.2963874999999998        19.989265546542089      -0.65418193747499975       -3.6178757679623537E-002
  -3.3175031458722604       -2.9416052374690475E-002  -4.2010798775460328E-004  -6.1144749999999997       -7.8925707875000001E-002   4.3403999999999998        19.982407758971636      -0.83714138448938735       -5.0739102927723330E-002
  -3.3175031458722604       -2.9416052374690475E-002  -4.2010798775460328E-004  -6.1144749999999997       -7.8925707875000001E-002   4.3403999999999998        19.982407758971636      -0.83714138448938735       -5.0739102927723330E-002
  -3.0725799009116943       -4.0748247685984222E-002  -1.1294290262158222E-003  -6.5160374999999995       -4.1696307124999991E-002   4.4692999999999996        19.974295442530387       -1.0115593965928560       -6.5338822111090863E-002
  -3.0725799009116943       -4.0748247685984222E-002  -1.1294290262158222E-003  -6.5160374999999995       -4.1696307124999991E-002   4.4692999999999996        19.974295442530387       -1.0115593965928560       -6.5338822111090863E-002
  -2.8305736339712610       -5.4056794235097454E-002  -2.0134650913659078E-003  -6.6572999999999993       -3.1162561749999998E-002   4.4889749999999999        19.964713969069841       -1.1847562773539371       -8.0924016818862340E-002
  -2.8305736339712610       -5.4056794235097454E-002  -2.0134650913659078E-003  -6.6572999999999993       -3.1162561749999998E-002   4.4889749999999999        19.964713969069841       -1.1847562773539371       -8.0924016818862340E-002
  -2.5900100280829101       -6.9403184065019302E-002  -3.0954961507263512E-003  -6.7676625000000001       -2.3880479625000003E-002   4.4947124999999994        19.953343749500810       -1.3617155599691890       -9.9014887743436475E-002
  -2.5900100280829101       -6.9403184065019302E-002  -3.0954961507263512E-003  -6.7676625000000001       -2.3880479625000003E-002   4.4947124999999994        19.953343749500810       -1.3617155599691890       -9.9014887743436475E-002
  -2.3507247759037990       -8.6787563951166311E-002  -4.4022573257320721E-003  -6.8537749999999988       -1.9485575000000002E-002   4.4940125000000002        19.940529152723993       -1.5365803640792395      -0.11923881117585997     
  -2.3507247759037990       -8.6787563951166311E-002  -4.4022573257320721E-003  -6.8537749999999988       -1.9485575000000002E-002   4.4940125000000002        19.940529152723993       -1.5365803640792395      -0.11923881117585997     
  -2.1125292637935931      -0.10618115374688629       -5.9587369575367930E-003  -6.9220750000000004       -1.6548849999999997E-002   4.4910125000000001        19.926321659275114       -1.7092802281512698      -0.14165533083762763     
  -2.1125292637935931      -0.10618115374688629       -5.9587369575367930E-003  -6.9220750000000004       -1.6548849999999997E-002   4.4910125000000001        19.926321659275114       -1.7092802281512698      -0.14165533083762763     
  -1.8752600822865064      -0.12755876401785601       -7.7904919159822450E-003  -7.0177125000000000       -1.1770274999999998E-002   4.4840374999999995        19.910756489423306       -1.8799278282321583      -0.16627501173108783     
  -1.8752600822865064      -0.12755876401785601       -7.7904919159822450E-003  -7.0177125000000000       -1.1770274999999998E-002   4.4840374999999995        19.910756489423306       -1.8799278282321583      -0.16627501173108783     
  -1.6392389100165266      -0.15084250861919984       -9.9177149160498673E-003  -7.0453374999999996       -8.9031387499999993E-003   4.4760624999999994        19.894054767321233       -2.0468006832979162      -0.19285195792331672     
  -1.6392389100165266      -0.15084250861919984       -9.9177149160498673E-003  -7.0453374999999996       -8.9031387499999993E-003   4.4760624999999994        19.894054767321233       -2.0468006832979162      -0.19285195792331672     
  -1.4038143331972806      -0.17605970190228101       -1.2369413459236369E-002  -7.0666624999999996       -3.9438475000000001E-003   4.4691624999999995        19.875947369023915       -2.2130459790363095      -0.22168373522447385     
  -1.4038143331972806      -0.17605970190228101       -1.2369413459236369E-002  -7.0666624999999996       -3.9438475000000001E-003   4.4691624999999995        19.875947369023915       -2.2130459790363095      -0.22168373522447385     
  -1.1689302693046213      -0.20319936616240347       -1.5170465917382418E-002  -7.0848750000000003       -1.0410637500000000E-002   4.4614875000000005        19.856546393829024       -2.3777733321557317      -0.25250602092855529     
  -1.1689302693046213      -0.20319936616240347       -1.5170465917382418E-002  -7.0848750000000003       -1.0410637500000000E-002   4.4614875000000005        19.856546393829024       -2.3777733321557317      -0.25250602092855529     
 -0.93453636412082419      -0.23224668517872132       -1.8346740018174379E-002  -7.0986625000000005       -7.3257000000000010E-003   4.4556624999999999        19.835862892945833       -2.5410431322511426      -0.28573255378857354     
 -0.93453636412082419      -0.23224668517872132       -1.8346740018174379E-002  -7.0986625000000005       -7.3257000000000010E-003   4.4556624999999999        19.835862892945833       -2.5410431322511426      -0.28573255378857354     
 -0.70061603316071319      -0.26318501000904287       -2.1923970841084224E-002  -7.1101375000000004       -6.0040874999999997E-003   4.4512625000000003        19.813908759449902       -2.7029602907423951      -0.32097560478167086     
 -0.70061603316071319      -0.26318501000904287       -2.1923970841084224E-002  -7.1101375000000004       -6.0040874999999997E-003   4.4512625000000003        19.813908759449902       -2.7029602907423951      -0.32097560478167086     
 -0.46713360598078107      -0.29600246844828243       -2.5926334200989394E-002  -7.1300000000000008       -4.4324124999999999E-003   4.4500374999999996        19.790685052089902       -2.8636366188098656      -0.35828826996874069     
 -0.46713360598078107      -0.29600246844828243       -2.5926334200989394E-002  -7.1300000000000008       -4.4324124999999999E-003   4.4500374999999996        19.790685052089902       -2.8636366188098656      -0.35828826996874069     
 -0.23413243255276400      -0.33067623871993723       -3.0376745907749653E-002  -7.1382624999999997       -3.4198874999999997E-003   4.4547124999999994        19.766235079195948       -3.0228873562080301      -0.39762146023802641     
 -0.23413243255276400      -0.33067623871993723       -3.0376745907749653E-002  -7.1382624999999997       -3.4198874999999997E-003   4.4547124999999994        19.766235079195948       -3.0228873562080301      -0.39762146023802641     
  -1.4390913414041376E-003 -0.36722141201895392       -3.5302951794981739E-002  -7.1424750000000010       -7.4282499999999991E-004   4.4569125000000005        19.740421760202072       -3.1816558513226965      -0.43910679006937059     
  -1.4390913414041376E-003 -0.36722141201895392       -3.5302951794981739E-002  -7.1424750000000010       -7.4282499999999991E-004   4.4569125000000005        19.740421760202072       -3.1816558513226965      -0.43910679006937059     
  0.23092245982901627      -0.40562968223688212       -4.0729470523380024E-002  -7.1390249999999993        6.1326125000000006E-003   4.4523124999999997        19.713271877889593       -3.3397556942402984      -0.48264248797361553     
  0.23092245982901627      -0.40562968223688212       -4.0729470523380024E-002  -7.1390249999999993        6.1326125000000006E-003   4.4523124999999997        19.713271877889593       -3.3397556942402984      -0.48264248797361553     
  0.46288565657476688      -0.44588216450578583       -4.6677776518421879E-002  -7.1332124999999991        4.6322500000000001E-003   4.4547000000000008        19.684842569530606       -3.4968811240568054      -0.52801081145328710     
  0.46288565657476688      -0.44588216450578583       -4.6677776518421879E-002  -7.1332124999999991        4.6322500000000001E-003   4.4547000000000008        19.684842569530606       -3.4968811240568054      -0.52801081145328710     
  0.69459710675209851      -0.48799801524567371       -5.3175618227541521E-002  -7.1257750000000000        6.0907124999999996E-003   4.4561500000000001        19.655055738950438       -3.6534274087219782      -0.57554501817937265     
  0.69459710675209851      -0.48799801524567371       -5.3175618227541521E-002  -7.1257750000000000        6.0907124999999996E-003   4.4561500000000001        19.655055738950438       -3.6534274087219782      -0.57554501817937265     
  0.92602430670548763      -0.53196849444292582       -6.0247756188327520E-002  -7.1074625000000005        1.3380725000000000E-002   4.4625124999999999        19.623916144880148       -3.8093479181855923      -0.62512684866986323     
  0.92602430670548763      -0.53196849444292582       -6.0247756188327520E-002  -7.1074625000000005        1.3380725000000000E-002   4.4625124999999999        19.623916144880148       -3.8093479181855923      -0.62512684866986323     
   1.1572735699135130      -0.57781499400758840       -6.7921765763828343E-002  -7.0948874999999996        1.8795500000000000E-002   4.4673375000000011        19.591313793483188       -3.9651804394841075      -0.67658549172176119     
   1.1572735699135130      -0.57781499400758840       -6.7921765763828343E-002  -7.0948874999999996        1.8795500000000000E-002   4.4673375000000011        19.591313793483188       -3.9651804394841075      -0.67658549172176119     
   1.3882679494578083      -0.62552471658328024       -7.6218665118601328E-002  -7.0865999999999998        3.2223000000000002E-002   4.4749625000000002        19.557322238814709       -4.1204816289949466      -0.72991642828420222     
   1.3882679494578083      -0.62552471658328024       -7.6218665118601328E-002  -7.0865999999999998        3.2223000000000002E-002   4.4749625000000002        19.557322238814709       -4.1204816289949466      -0.72991642828420222     
   1.6189375708751892      -0.67508165509961549       -8.5157340218400046E-002  -7.0681624999999997        4.0530875000000001E-002   4.4849500000000004        19.521963244876723       -4.2751659592766309      -0.78479748108996183     
   1.6189375708751892      -0.67508165509961549       -8.5157340218400046E-002  -7.0681624999999997        4.0530875000000001E-002   4.4849500000000004        19.521963244876723       -4.2751659592766309      -0.78479748108996183     
   1.8494143553006666      -0.72651703775807142       -9.4764630115550919E-002  -7.0431374999999994        5.2269875000000007E-002   4.4920999999999998        19.485069742378531       -4.4298830007024286      -0.84154247351685285     
   1.8494143553006666      -0.72651703775807142       -9.4764630115550919E-002  -7.0431374999999994        5.2269875000000007E-002   4.4920999999999998        19.485069742378531       -4.4298830007024286      -0.84154247351685285     
   2.0796714516058685      -0.77983217865915533      -0.10506245556335803       -7.0112000000000005        6.6781500000000008E-002   4.5027375000000003        19.446661877416251       -4.5844746927293665      -0.89996311989438027     
   2.0796714516058685      -0.77983217865915533      -0.10506245556335803       -7.0112000000000005        6.6781500000000008E-002   4.5027375000000003        19.446661877416251       -4.5844746927293665      -0.89996311989438027     
   2.3097732938539215      -0.83505068585364473      -0.11607532975347795       -5.6447250000000002       0.34478387500000002        3.0459782500000001        19.406664902539603       -4.7391832254232247      -0.95994776754019595     
   2.3097732938539215      -0.83505068585364473      -0.11607532975347795       -5.6447250000000002       0.34478387500000002        3.0459782500000001        19.406664902539603       -4.7391832254232247      -0.95994776754019595     
   2.5281094973856417      -0.88901657402901280      -0.12711320395715831       -5.5853250000000001       0.39558375000000001        3.0581740000000002        19.377922315559896       -4.8470738784896241       -1.0010002740210009     
   2.5281094973856417      -0.88901657402901280      -0.12711320395715831       -5.5853250000000001       0.39558375000000001        3.0581740000000002        19.377922315559896       -4.8470738784896241       -1.0010002740210009     
   2.7463909803842705      -0.94412309212380741      -0.13856890706624994       -5.5171999999999999       0.43324749999999995        3.0779600000000005        19.355048500813712       -4.9312582160339637       -1.0318865916112199     
   2.7463909803842705      -0.94412309212380741      -0.13856890706624994       -5.5171999999999999       0.43324749999999995        3.0779600000000005        19.355048500813712       -4.9312582160339637       -1.0318865916112199     
   2.9649349305238264       -1.0003209234264199      -0.15039795621066879       -1.8608050000000000       0.77430374999999996      -0.58052375000000012        19.331413614396595       -5.0167869540052079       -1.0622129387490447     
   2.9649349305238264       -1.0003209234264199      -0.15039795621066879       -1.8608050000000000       0.77430374999999996      -0.58052375000000012        19.331413614396595       -5.0167869540052079       -1.0622129387490447     
   3.1716602224251025       -1.0537099499723577      -0.16164951166352762       -1.7844587499999998       0.87456500000000004      -0.55648374999999994        19.344139649955086       -4.9716125443490489       -1.0427511265434444     
   3.1716602224251025       -1.0537099499723577      -0.16164951166352762       -1.7844587499999998       0.87456500000000004      -0.55648374999999994        19.344139649955086       -4.9716125443490489       -1.0427511265434444     
   3.3802193157885640       -1.1072216015159988      -0.17283726585886916       -1.7008987499999999       0.99271499999999990      -0.52280500000000019        19.348649857167089       -4.9561056556458496       -1.0328433738104303     
   3.3802193157885640       -1.1072216015159988      -0.17283726585886916       -1.7008987499999999       0.99271499999999990      -0.52280500000000019        19.348649857167089       -4.9561056556458496       -1.0328433738104303     
   3.5916961412865831       -1.1612971415103885      -0.18404559015550090       -1.6024225000000001        1.1667799999999999      -0.48698999999999998        19.353483058618263       -4.9402035457818290       -1.0183724397396854     
   3.5916961412865831       -1.1612971415103885      -0.18404559015550090       -1.6024225000000001        1.1667799999999999      -0.48698999999999998        19.353483058618263       -4.9402035457818290       -1.0183724397396854     
   3.8094927486685268       -1.2167882310091198      -0.19537664036599017       0.58077875000000001        1.2158349999999998       -2.1882125000000001        19.359013772232483       -4.9231319799352615      -0.99566925967034092     
   3.8094927486685268       -1.2167882310091198      -0.19537664036599017       0.58077875000000001        1.2158349999999998       -2.1882125000000001        19.359013772232483       -4.9231319799352615      -0.99566925967034092     
   4.4098626233701319       -1.3643980670360258      -0.22320686973032622       -4.2370000000000003E-003   2.3900125000000001      -0.87292624999999990        19.443232837252928       -4.6168858972286113      -0.80315717536573805     
   4.4098626233701319       -1.3643980670360258      -0.22320686973032622       -4.2370000000000003E-003   2.3900125000000001      -0.87292624999999990        19.443232837252928       -4.6168858972286113      -0.80315717536573805     
   5.0035074827352908       -1.5028343320506004      -0.24128076239619550      -0.40720625000000005        1.2159812499999998      -0.31368749999999995        19.491932097618619       -4.4630218586167851      -0.38212431397959079     
   5.0035074827352908       -1.5028343320506004      -0.24128076239619550      -0.40720625000000005        1.2159812499999998      -0.31368749999999995        19.491932097618619       -4.4630218586167851      -0.38212431397959079     
   5.3922652836420069       -1.5911859046614023      -0.24671962106364315      -0.47746750000000004       0.85118625000000003      -0.19653937500000002        19.509120470261756       -4.4008527087005040      -0.16344391434931846     
   5.3922652836420069       -1.5911859046614023      -0.24671962106364315      -0.47746750000000004       0.85118625000000003      -0.19653937500000002        19.509120470261756       -4.4008527087005040      -0.16344391434931846     
   5.6904444026692680       -1.6583039099238162      -0.24870723439202269      -0.34921999999999997       0.60300624999999997      -0.19348249999999997        19.513602205111365       -4.3829196507759889       -9.6665999788962065E-002
   5.6904444026692680       -1.6583039099238162      -0.24870723439202269      -0.34921999999999997       0.60300624999999997      -0.19348249999999997        19.513602205111365       -4.3829196507759889       -9.6665999788962065E-002
   5.9895012045581737       -1.7253272984473091      -0.24981195843845583      -0.32830874999999998       0.42084500000000002      -0.14887000000000000        19.517872907707961       -4.3646740922562115       -4.7510282546402660E-002
   5.9895012045581737       -1.7253272984473091      -0.24981195843845583      -0.32830874999999998       0.42084500000000002      -0.14887000000000000        19.517872907707961       -4.3646740922562115       -4.7510282546402660E-002
   6.2521017380135602       -1.7839784193307351      -0.25029021238530286      -0.30851000000000001       0.34863624999999998      -0.13306850000000001        19.520214867764349       -4.3543834582879324       -2.3584200234873624E-002
   6.2521017380135602       -1.7839784193307351      -0.25029021238530286      -0.30851000000000001       0.34863624999999998      -0.13306850000000001        19.520214867764349       -4.3543834582879324       -2.3584200234873624E-002
   6.5029062701745746       -1.8398768139654951      -0.25049592763505252      -0.22175500000000001       0.22715750000000001      -0.10855887500000001        19.521835386128966       -4.3471682694761107       -8.4376385036879515E-003
   6.5029062701745746       -1.8398768139654951      -0.25049592763505252      -0.22175500000000001       0.22715750000000001      -0.10855887500000001        19.521835386128966       -4.3471682694761107       -8.4376385036879515E-003
   6.7493434642930001       -1.8947071314870070      -0.25052929408313135      -0.20611750000000004       0.19269249999999999       -9.8200375000000006E-002   19.523411657568602       -4.3400907033105982        3.1521662280402643E-003
   6.7493434642930001       -1.8947071314870070      -0.25052929408313135      -0.20611750000000004       0.19269249999999999       -9.8200375000000006E-002   19.523411657568602       -4.3400907033105982        3.1521662280402643E-003
   6.9893480721447077       -1.9480308070257695      -0.25044804667919407      -0.18996375000000001       0.16381125000000002       -8.9370499999999992E-002   19.524435601476938       -4.3354714969007659        1.0066943005622164E-002
   6.9893480721447077       -1.9480308070257695      -0.25044804667919407      -0.18996375000000001       0.16381125000000002       -8.9370499999999992E-002   19.524435601476938       -4.3354714969007659        1.0066943005622164E-002
   7.2246028803514548       -2.0002450441212347      -0.25029434708754422      -0.15174125000000002       0.13554125000000000       -8.0373000000000000E-002   19.525307930268571       -4.3315253264505129        1.5445857364142942E-002
   7.2246028803514548       -2.0002450441212347      -0.25029434708754422      -0.15174125000000002       0.13554125000000000       -8.0373000000000000E-002   19.525307930268571       -4.3315253264505129        1.5445857364142942E-002
   7.4651730765078010       -2.0535868843540914      -0.25007180147574748      -0.13932250000000002       0.11710625000000001       -7.4116499999999988E-002   19.526216937332730       -4.3274038926807314        2.0680082996801907E-002
   7.4651730765078010       -2.0535868843540914      -0.25007180147574748      -0.13932250000000002       0.11710625000000001       -7.4116499999999988E-002   19.526216937332730       -4.3274038926807314        2.0680082996801907E-002
   7.7028666731676214       -2.1062431931860717      -0.24979628513708890      -0.13932250000000002       0.11710625000000001       -7.4116499999999988E-002   19.526954711950541       -4.3240530902708949        2.4587597524837072E-002
   7.7028666731676214       -2.1062431931860717      -0.24979628513708890      -0.13932250000000002       0.11710625000000001       -7.4116499999999988E-002   19.526954711950541       -4.3240530902708949        2.4587597524837072E-002
   7.9405687851449116       -2.1588607934623032      -0.24947561504065080      -0.13932250000000002       0.11710625000000001       -7.4116499999999988E-002   19.527616060761577       -4.3210440219331812        2.8098825649450994E-002
   7.9405687851449116       -2.1588607934623032      -0.24947561504065080      -0.13932250000000002       0.11710625000000001       -7.4116499999999988E-002   19.527616060761577       -4.3210440219331812        2.8098825649450994E-002
   8.1782789395555149       -2.2114417704795764      -0.24911219709988686      -0.13932250000000002       0.11710625000000001       -7.4116499999999988E-002   19.528276087582572       -4.3180358713447129        3.1611088749880167E-002
   8.1782789395555149       -2.2114417704795764      -0.24911219709988686      -0.13932250000000002       0.11710625000000001       -7.4116499999999988E-002   19.528276087582572       -4.3180358713447129        3.1611088749880167E-002
   8.4159971203064163       -2.2639861354125599      -0.24870601871981135      -0.13932250000000002       0.11710625000000001       -7.4116499999999988E-002   19.528934792302785       -4.3150286390102019        3.5124386236828897E-002
   8.4159971203064163       -2.2639861354125599      -0.24870601871981135      -0.13932250000000002       0.11710625000000001       -7.4116499999999988E-002   19.528934792302785       -4.3150286390102019        3.5124386236828897E-002
   8.6537233113032439       -2.3164938994420634      -0.24825706731261205      -0.13932250000000002       0.11710625000000001       -7.4116499999999988E-002   19.529592174811700       -4.3120223254342083        3.8638717520833581E-002
   8.6537233113032439       -2.3164938994420634      -0.24825706731261205      -0.13932250000000002       0.11710625000000001       -7.4116499999999988E-002   19.529592174811700       -4.3120223254342083        3.8638717520833581E-002
   8.8914574964502897       -2.3689650737550374      -0.24776533029765213      -0.13932250000000002       0.11710625000000001       -7.4116499999999988E-002   19.530248234999018       -4.3090169311211319        4.2154082012250349E-002
   8.8914574964502897       -2.3689650737550374      -0.24776533029765213      -0.13932250000000002       0.11710625000000001       -7.4116499999999988E-002   19.530248234999018       -4.3090169311211319        4.2154082012250349E-002
   9.1291996596505030       -2.4213996695445719      -0.24723079510147628      -0.13932250000000002       0.11710625000000001       -7.4116499999999988E-002   19.530902972754664       -4.3060124565752265        4.5670479121269203E-002
   9.1291996596505030       -2.4213996695445719      -0.24723079510147628      -0.13932250000000002       0.11710625000000001       -7.4116499999999988E-002   19.530902972754664       -4.3060124565752265        4.5670479121269203E-002
   9.3669497848054917       -2.4737976980098977      -0.24665344915780585      -0.13932250000000002       0.11710625000000001       -7.4116499999999988E-002   19.531556387968784       -4.3030089023005891        4.9187908257901647E-002
   9.3669497848054917       -2.4737976980098977      -0.24665344915780585      -0.13932250000000002       0.11710625000000001       -7.4116499999999988E-002   19.531556387968784       -4.3030089023005891        4.9187908257901647E-002
   9.6047078558155317       -2.5261591703563719      -0.24603327990755022      -0.13932250000000002       0.11710625000000001       -7.4116499999999988E-002   19.532208480531750       -4.3000062688011562        5.2706368831984214E-002
   9.6047078558155317       -2.5261591703563719      -0.24603327990755022      -0.13932250000000002       0.11710625000000001       -7.4116499999999988E-002   19.532208480531750       -4.3000062688011562        5.2706368831984214E-002
   9.8424738565795593       -2.5784840977954944      -0.24537027479879781      -0.13932250000000002       0.11710625000000001       -7.4116499999999988E-002   19.532859250334148       -4.2970045565807151        5.6225860253185544E-002
   9.8424738565795593       -2.5784840977954944      -0.24537027479879781      -0.13932250000000002       0.11710625000000001       -7.4116499999999988E-002   19.532859250334148       -4.2970045565807151        5.6225860253185544E-002
   10.080247770995188       -2.6307724915448922      -0.24466442128682964      -0.13932250000000002       0.11710625000000001       -7.4116499999999988E-002   19.533508697266797       -4.2940037661428985        5.9746381930999348E-002
